Experiment: 
Final Temp: 14.5
1.0 22.625
2.0 21.812
3.0 21.062
4.0 20.375
5.0 19.812
6.0 19.375
7.0 18.875
8.0 18.5
9.0 18.125
10.0 17.812
Experiment: 
Final Temp: 19.937
1.0 23.062
2.0 22.437
3.0 22.0
4.0 21.687
5.0 21.375
6.0 21.187
7.0 21.0
8.0 20.875
9.0 20.75
10.0 20.687
Experiment: 
Final Temp: 25.0
1.0 24.125
2.0 24.187
3.0 24.25
4.0 24.312
5.0 24.375
6.0 24.375
7.0 24.437
8.0 24.5
9.0 24.5
10.0 24.562
Experiment: 
Final Temp: 33.812
1.0 29.562
2.0 30.75
3.0 31.5
4.0 32.0
5.0 32.375
6.0 32.687
7.0 32.875
8.0 33.062
9.0 33.187
10.0 33.312
Experiment: 
Final Temp: 37.562
1.0 26.25
2.0 27.5
3.0 28.625
4.0 29.562
5.0 30.375
6.0 31.125
7.0 31.75
8.0 32.312
9.0 32.875
10.0 33.312
Experiment: 
Final Temp: 45.5
1.0 32.375
2.0 35.562
3.0 37.75
4.0 39.312
5.0 40.562
6.0 41.437
7.0 42.187
8.0 42.75
9.0 43.187
10.0 43.562
Experiment: 
Final Temp: 49.75
1.0 27.5
2.0 30.187
3.0 32.5
4.0 34.437
5.0 36.125
6.0 37.625
7.0 38.875
8.0 40.0
9.0 40.937
10.0 41.812
Experiment: 
Final Temp: 52.812
1.0 36.875
2.0 40.75
3.0 43.5
4.0 45.562
5.0 47.125
6.0 48.312
7.0 49.25
8.0 50.0
9.0 50.562
10.0 51.0
Experiment: 
Final Temp: 57.937
1.0 28.75
2.0 32.437
3.0 35.562
4.0 38.125
5.0 40.312
6.0 42.187
7.0 43.812
8.0 45.187
9.0 46.437
10.0 47.5
Experiment: 
Final Temp: 31.75
1.0 26.875
2.0 27.562
3.0 28.375
4.0 28.75
5.0 29.187
6.0 29.5
7.0 29.687
8.0 30.0
9.0 30.125
10.0 30.312
Experiment: 
Final Temp: 61.812
1.0 44.0
2.0 49.062
3.0 51.5
4.0 55.562
5.0 56.75
6.0 58.687
7.0 59.312
8.0 60.062
9.0 60.375
10.0 60.812
 2Dcheebais